50 3.56043 0.0
100 3.27701 0.1
150 3.68322 0.1
200 3.21774 0.2
250 3.64792 0.1
300 3.53986 0.0
350 3.09626 0.3
400 3.34349 0.1
450 3.40887 0.1
500 3.06056 0.2
550 3.20806 0.1
600 2.63515 0.2
650 2.80502 0.1
700 2.97581 0.2
750 3.12247 0.1
800 4.12473 0.0
850 2.85628 0.4
900 2.88705 0.0
950 2.74179 0.2
1000 2.34669 0.1
1050 2.99941 0.2
1100 3.38272 0.0
1150 2.49185 0.2
1200 2.80724 0.1
1250 2.52342 0.1
1300 2.48259 0.2
1350 2.35128 0.3
1400 2.5581 0.1
1450 1.82003 0.4
1500 1.87149 0.5
1550 2.41951 0.3
1600 2.20844 0.2
1650 1.82877 0.4
1700 2.48627 0.0
1750 2.51828 0.5
1800 1.6262 0.3
1850 1.42536 0.5
1900 2.20761 0.2
1950 1.77008 0.4
2000 2.25455 0.5
2050 2.27154 0.2
2100 2.16197 0.3
2150 1.53497 0.4
2200 2.38889 0.1
2250 1.95901 0.4
2300 1.50884 0.5
2350 2.0432 0.2
2400 1.42363 0.6
2450 2.48654 0.2
2500 1.64883 0.4
2550 1.72598 0.6
2600 1.77336 0.3
2650 1.92333 0.4
2700 1.85554 0.3
2750 2.3448 0.2
2800 2.83004 0.1
2850 1.2215 0.4
2900 1.76959 0.6
2950 1.38976 0.5
3000 1.65918 0.3
3050 1.48923 0.5
3100 1.16236 0.7
3150 1.15326 0.7
3200 0.948019 0.8
3250 0.948497 0.7
3300 1.29382 0.6
3350 1.38091 0.6
3400 1.68963 0.5
3450 1.7475 0.6
3500 1.83347 0.5
3550 2.04177 0.5
3600 1.22177 0.8
3650 0.652576 0.8
3700 1.07369 0.6
3750 0.619062 0.8
3800 1.23433 0.6
3850 1.29083 0.6
3900 0.715105 0.8
3950 1.67073 0.4
4000 1.1005 0.5
4050 0.641446 0.9
4100 0.792031 0.7
4150 0.896401 0.7
4200 0.945584 0.6
4250 1.49762 0.6
4300 1.62361 0.4
4350 1.32656 0.6
4400 1.39066 0.5
4450 0.888855 0.6
4500 1.27522 0.6
4550 1.02884 0.7
4600 1.25614 0.6
4650 1.26721 0.6
4700 1.618 0.4
4750 0.340278 0.9
4800 1.06881 0.6
4850 0.32147 1.0
4900 0.755538 0.7
4950 0.895606 0.7
5000 0.656236 0.9
